[M2] (golly 2.7)
#R B3/S23
#G 20091
1 0 0 0 1
1 0 1 1 1
2 0 1 0 2
3 0 0 0 3
1 1 1 0 0
1 1 0 0 0
1 0 0 1 1
1 0 0 1 0
2 5 6 7 8
1 1 1 0 1
1 0 1 0 0
2 0 10 0 11
3 0 9 0 12
4 0 4 0 13
1 1 0 1 1
2 0 8 0 15
3 0 0 16 0
2 0 11 0 1
2 5 0 7 0
1 1 1 1 0
2 0 20 0 6
3 18 19 21 0
4 17 0 22 0
5 0 0 14 23
1 0 1 1 0
2 0 0 25 15
3 0 0 0 26
2 7 0 11 0
3 0 0 28 0
1 0 1 0 1
2 0 7 30 7
1 1 0 1 0
2 32 5 30 5
2 8 10 5 0
2 25 0 0 0
3 31 33 34 35
2 32 0 0 0
3 37 0 0 0
4 27 29 36 38
5 0 0 39 0
2 7 0 6 2
2 30 5 0 5
3 0 41 0 42
4 0 0 0 43
1 1 0 0 1
2 0 0 45 0
2 30 8 32 0
3 46 0 47 0
4 0 0 48 0
5 44 49 0 0
2 0 7 45 25
2 30 5 8 20
2 30 0 6 0
3 41 51 52 53
4 0 0 54 0
2 5 0 0 0
3 56 0 0 0
4 57 0 0 0
5 55 0 58 0
6 24 40 50 59
